-15.36, -5.266, 0.025
-15.137, -9.047, -0.013
-12.157, -14.172, -0.058
-10.648, -16.102, -0.026
-10.56, -13.212, -0.054
-8.248, -15.407, -0.042
-6.629, -14.702, -0.029
-8.399, -12.913, -0.045
-15.501, -11.765, -0.031
-13.704, -7.985, -0.029
-12.514, -9.296, -0.017
-9.239, -8.54, -0.033
-10.072, -6.707, -0.027
-11.934, -7.282, -0.008
-12.239, -4.324, 0.012
-13.565, -6.196, -0.003
-2.76, -15.245, -0.036
-2.279, -16.986, -0.02
0.54, -14.194, -0.037
-2.317, -13.558, -0.046
1.782, -12.72, -0.061
-0.713, -12.225, -0.041
-3.388, -11.963, -0.047
-5.505, -13.32, -0.031
-6.744, -11.712, -0.039
-8.008, -10.463, -0.027
-9.83, -10.377, -0.025
-11.688, -11.752, -0.019
-13.927, -10.758, -0.02
-6.444, -16.867, -0.031
-4.93, -15.7, -0.023
-2.9, -18.73, -0.003
-5.551, -6.829, -0.046
-7.284, -6.028, -0.027
-7.213, -8.436, -0.02
-9.782, -4.872, -0.013
-6.977, -4.293, -0.034
-5.014, -4.743, -0.029
-5.506, -2.949, -0.052
-4.16, -0.553, -0.041
-5.456, -9.115, -0.043
-4.901, -10.805, -0.046
-1.865, -10.661, -0.049
-2.503, -8.925, -0.041
-1.457, -7.464, -0.055
-1.03, -5.633, -0.032
-3.833, -7.358, -0.051
-2.926, -4.517, -0.02
6.253, -17.984, -0.029
6.802, -16.314, -0.046
3.432, -16.012, -0.03
5.103, -15.032, -0.037
5.081, -12.199, -0.042
3.472, -11.608, -0.05
3.503, -14.189, -0.04
1.386, -15.799, -0.039
-5.717, 0.461, -0.046
-7.226, -1.787, -0.061
-8.564, -3.034, -0.032
-10.459, -0.662, -0.022
-10.229, -2.399, 0.034
1.082, -17.547, -0.029
-0.792, -19.062, -0.003
3.418, -17.721, -0.038
1.993, -5.82, -0.011
0.375, -4.624, -0.016
0.349, -7.538, -0.052
7.314, -12.395, -0.016
7.561, -14.527, -0.003
9.221, -15.078, -0.005
10.52, -13.906, 0.037
12.478, -13.611, 0.035
0.569, -9.588, -0.057
1.794, -10.867, -0.058
2.092, -8.015, -0.05
4.322, -9.594, -0.031
6.152, -7.648, -0.022
3.834, -6.587, -0.013
4.483, -4.886, 0.018
1.974, -2.763, -0.003
10.038, -6.189, 0.024
8.067, -3.15, 0.039
10.435, -2.825, 0.034
9.928, -1.043, 0.054
8.194, -1.366, 0.038
6.024, -2.255, 0.034
3.606, -0.9, 0.025
3.817, -3.087, 0.022
9.875, -11.524, 0.01
9.355, -9.796, 0.021
7.693, -8.775, 0.008
7.658, -10.579, -0.007
6.121, -9.616, -0.014
6.359, -4.03, 0.039
6.01, -5.853, -0.005
7.694, -6.609, 0.007
11.676, -4.152, 0.047
11.015, -7.704, 0.042
9.262, -7.814, 0.014
13.838, -3.061, 0.045
14.41, -4.763, 0.032
16.174, -2.648, 0.032
18.139, -4.257, 0.035
18.393, -2.485, 0.033
11.075, -9.585, 0.04
11.707, -11.496, 0.034
14.707, -12.698, 0.044
13.775, -10.205, 0.044
17.055, -8.694, 0.053
13.078, -8.488, 0.058
15.475, -7.302, 0.042
13.083, -6.64, 0.026
14.077, 3.618, 0.058
15.895, 0.691, 0.043
17.17, 3.029, 0.051
16.693, 4.775, 0.056
19.039, 3.6, 0.053
17.124, 7.765, 0.05
15.495, 6.314, 0.07
10.134, 4.827, 0.077
17.561, 0.147, 0.046
18.696, 1.797, 0.04
14.745, -1.486, 0.047
12.969, -0.192, 0.049
11.763, -1.584, 0.058
11.845, 4.576, 0.061
12.753, 2.326, 0.059
14.203, 1.187, 0.048
10.859, 13.368, 0.037
9.841, 11.36, 0.042
8.214, 10.555, 0.027
4.018, 12.99, -0.021
6.115, 15.065, -0.021
5.187, 11.681, 0.003
7.091, 12.0, 0.017
9.05, 13.083, 0.013
8.049, 8.839, 0.008
11.023, 8.273, 0.061
12.981, 7.053, 0.074
12.649, 8.79, 0.065
14.899, 8.065, 0.068
13.442, 10.857, 0.052
11.687, 11.333, 0.049
13.314, 14.245, 0.039
6.878, -0.115, 0.047
8.296, 1.325, 0.053
11.065, 0.446, 0.063
10.733, 2.556, 0.058
10.841, 6.513, 0.064
7.886, 6.938, 0.043
8.401, 5.265, 0.073
5.22, 2.977, 0.047
7.547, 13.965, -0.007
10.044, 14.957, 0.018
7.385, 17.607, -0.03
5.713, 16.876, -0.034
4.14, 17.834, -0.045
3.769, 15.915, -0.036
5.353, 0.843, 0.038
7.556, 2.921, 0.05
2.679, 11.795, -0.009
1.445, 9.478, 0.02
0.964, 11.221, 0.006
-2.732, 15.31, -0.058
-1.247, 12.793, -0.03
-1.019, 14.628, -0.041
0.939, 13.05, -0.027
2.827, 14.492, -0.042
2.37, 7.207, 0.036
2.548, 4.777, 0.046
4.274, 5.182, 0.048
4.07, 7.672, 0.037
6.635, 4.875, 0.064
6.079, 6.859, 0.045
6.393, 10.344, 0.034
3.837, 9.439, 0.036
1.646, -0.546, 0.016
2.797, 1.364, 0.03
0.857, 1.19, 0.021
3.466, 3.293, 0.042
1.056, 3.738, 0.044
-1.301, 1.792, 0.011
-3.457, 1.111, -0.02
-2.989, -1.846, -0.044
0.993, 14.923, -0.037
1.868, 17.07, -0.041
0.384, 18.15, -0.057
-0.906, 16.834, -0.061
-3.396, 19.051, -0.05
-1.276, -0.007, -0.01
-0.818, -3.294, -0.007
0.42, -1.922, -0.02
-3.89, 11.224, -0.015
-5.692, 8.724, -0.02
-7.397, 9.248, -0.026
-7.982, 13.667, -0.051
-8.006, 11.851, -0.048
-5.691, 10.777, -0.015
-5.604, 12.881, -0.034
-3.331, 13.626, -0.037
-2.594, 2.983, 0.015
-3.432, 4.976, -0.001
-1.034, 5.832, 0.047
0.812, 5.886, 0.048
-2.628, 7.481, 0.027
-1.143, 8.552, 0.034
-1.841, 10.157, 0.009
-3.883, 8.849, 0.001
-7.196, 2.04, -0.037
-4.389, 2.798, -0.018
-5.147, 4.456, -0.003
-4.926, 6.286, 0.014
-6.914, 4.343, -0.015
-6.764, 6.446, 0.001
-9.788, 4.551, -0.017
-10.469, 2.831, -0.012
-4.866, 15.71, -0.065
-3.306, 17.08, -0.062
-5.663, 17.803, -0.066
-6.781, 15.273, -0.076
-10.58, 15.331, -0.062
-11.197, 1.052, -0.016
-9.119, 1.756, -0.018
-8.349, -0.366, -0.035
-12.839, 12.074, -0.043
-14.696, 10.87, -0.014
-12.102, 10.384, -0.053
-17.058, 3.261, 0.051
-15.866, 1.913, 0.047
-12.593, 2.375, 0.02
-14.488, 4.229, 0.009
-12.715, 5.715, 0.003
-14.465, 8.938, -0.01
-11.973, 8.405, -0.035
-10.994, 6.147, -0.01
-9.461, 7.2, -0.018
-9.545, 8.911, -0.031
-10.521, 11.168, -0.06
-10.012, 12.931, -0.049
-11.929, 14.132, -0.047
-13.321, -1.874, 0.019
-12.229, -0.396, 0.005
-13.936, 1.189, 0.012
-15.381, -0.79, 0.045
-16.824, 0.326, 0.044
-18.287, 1.416, 0.008
-18.972, -0.656, 0.027
-17.641, -2.379, 0.044
-15.147, 5.905, 0.016
-13.561, 7.344, -0.013
-15.678, 7.637, 0.0
-17.081, 9.961, -0.004
-18.327, 5.934, 0.001
-17.172, -4.909, 0.032
-16.029, -3.12, 0.045
-14.016, -3.589, 0.029

